Layer, M, N, K
matmul1, 1, 64, 720,
